
results2 =

   17.0000    6.0000    1.1706


results2 =

   17.0000    6.0000    6.4808


results2 =

   17.0000    6.0000   10.7577


results2 =

   17.0000    6.0000   15.9566


results2 =

   17.0000    6.0000   21.9050


results2 =

   17.0000    6.0000   28.8397


results2 =

   17.0000    6.0000   34.7939


results2 =

   17.0000    6.0000   40.3863


results2 =

   17.0000    6.0000   46.3040


results2 =

   17.0000    6.0000   50.7258


results2 =

   17.0000    6.0000   55.4926


results2 =

   17.0000    6.0000   60.0767


results2 =

   17.0000    6.0000   64.6566


results2 =

   17.0000    6.0000   69.4148


results2 =

   17.0000    6.0000   74.0209


results2 =

   17.0000    6.0000   78.9767


results2 =

   17.0000    6.0000   83.5650


results2 =

   17.0000    6.0000   88.6584


results2 =

   17.0000    6.0000   93.2927


results2 =

   17.0000    6.0000   98.1203


results2 =

   17.0000    6.0000  102.8436


results2 =

   17.0000    6.0000  109.1700


results2 =

   17.0000    6.0000  113.7956


results2 =

   17.0000    6.0000  118.4079


results2 =

   17.0000    6.0000  123.4985


results2 =

   17.0000    6.0000  128.2462


results2 =

   17.0000    6.0000  133.2603


results2 =

   17.0000    6.0000  137.9237


results2 =

   17.0000    6.0000  143.0870


results2 =

   17.0000    6.0000  147.8188


results2 =

   17.0000    6.0000  152.8494


results2 =

   17.0000    6.0000  157.6937


results2 =

   17.0000    6.0000  162.7510


results2 =

   17.0000    6.0000  167.7507


results2 =

   17.0000    6.0000  172.6009


results2 =

   17.0000    6.0000  177.6271


results2 =

   17.0000    6.0000  182.5672


results2 =

   17.0000    5.0000  187.7162


results2 =

   17.0000    5.0000  192.5236


results2 =

   17.0000    5.0000  197.5997


results2 =

   17.0000    5.0000  202.5361


results2 =

   33.0000    3.0000  207.9372


results2 =

   32.0000    2.0000  212.7307


results2 =

   17.0000    5.0000  218.0021


results2 =

   17.0000    5.0000  222.9563


results2 =

   17.0000    5.0000  228.1054


results2 =

   17.0000    4.0000  233.1115


results2 =

   16.0000    5.0000  238.4222


results2 =

   14.0000    4.0000  243.5108


results2 =

   16.0000    4.0000  249.0332


results2 =

   15.0000    4.0000  254.2504


results2 =

   16.0000    5.0000  260.0417


results2 =

   14.0000    3.0000  265.9614


results2 =

   17.0000   26.0000  271.4479


results2 =

   14.0000    3.0000  276.3581


results2 =

   14.0000    1.0000  281.8688


results2 =

   17.0000    2.0000  286.9388


results2 =

   15.0000    1.0000  292.4829


results2 =

   14.0000    1.0000  297.6267


results2 =

   14.0000    1.0000  303.3481


results2 =

   15.0000    3.0000  308.5378


results2 =

   12.0000    3.0000  315.0895


results2 =

   15.0000    6.0000  320.1768


results2 =

   12.0000    2.0000  326.0247


results2 =

    9.0000    3.0000  331.2393


results2 =

   10.0000    2.0000  336.6045


results2 =

    7.0000    3.0000  341.7504


results2 =

    9.0000    2.0000  347.0960


results2 =

   12.0000    1.0000  352.2035


results2 =

    8.0000    3.0000  357.5028


results2 =

    9.0000    2.0000  362.7790


results2 =

   26.0000    4.0000  369.6531


results2 =

    6.0000    5.0000  374.8868


results2 =

    6.0000    3.0000  380.8265


results2 =

    4.0000    2.0000  386.2042


results2 =

    8.0000    7.0000  391.8235


results2 =

    9.0000    4.0000  397.1963


results2 =

    6.0000    5.0000  402.5721


results2 =

    7.0000    1.0000  407.6909


results2 =

    4.0000    5.0000  413.2408


results2 =

    6.0000    4.0000  418.5345


results2 =

    7.0000    2.0000  423.9683


results2 =

   26.0000    6.0000  429.4227


results2 =

   26.0000    6.0000  434.9586


results2 =

    7.0000    3.0000  440.3159


results2 =

   25.0000    6.0000  445.9889


results2 =

    8.0000    4.0000  451.5381


results2 =

    6.0000    4.0000  457.1602


results2 =

    7.0000    4.0000  462.5243


results2 =

    6.0000    5.0000  469.6169